0.099077
0.101924
0.035113
0.093595
0.071034
0.044994
0.100380
0.076747
0.081160
-0.003649
0.024326
0.010485
-0.066450
0.155461
0.026919
0.084058
0.106048
-0.009404
0.112007
-0.018257
-0.031048
0.087794
0.125927
0.024165
0.033542
-0.070613
0.105423
-0.016208
0.042566
-0.076794
0.013670
-0.070570
0.080253
-0.029380
-0.047495
0.009906
-0.000182
-0.076809
-0.011503
0.031568
-0.034696
0.098922
0.042030
-0.038667
-0.015623
0.078660
0.223278
-0.032851
0.043456
0.099384
-0.042747
-0.082186
0.055141
-0.079037
-0.029494
-0.012887
-0.006156
0.085699
-0.021614
0.047103
0.165824
-0.058228
-0.042249
-0.010515
-0.104237
0.108181
-0.016146
0.039062
0.006752
-0.046804
0.182774
-0.009521
0.015716
-0.029041
0.010393
-0.071929
-0.045294
-0.025358
-0.050142
-0.072188
-0.093431
0.013046
0.066405
0.168261
