-0.023333
-0.034809
0.035931
-0.035308
-0.029368
-0.012713
0.058292
-0.033370
0.048140
0.045512
-0.022667
0.037864
0.002453
0.026853
0.028336
0.015246
0.032357
0.034164
0.008314
0.000063
-0.012994
0.000090
-0.049058
-0.058330
-0.043272
-0.022914
0.024517
0.057361
-0.025506
-0.009217
-0.019003
-0.059613
-0.066260
-0.031859
0.034673
-0.051766
0.068284
-0.056875
0.058540
0.017357
0.105294
-0.025293
-0.064929
-0.012474
-0.017593
0.032063
0.103050
0.105674
0.036740
0.011188
-0.014470
-0.014100
0.005000
0.016160
0.113211
-0.046976
-0.036467
0.051550
0.067367
0.003952
-0.020419
0.003337
-0.024204
0.022322
0.009671
0.027528
-0.028514
0.033357
0.065852
-0.013361
0.044556
0.028823
-0.000751
0.017105
0.010242
-0.070040
0.080920
-0.004422
-0.017640
-0.035999
0.042796
-0.042959
0.094554
-0.010178
0.037275
0.017011
-0.044430
0.007385
-0.036125
-0.015277
-0.040940
-0.061284
-0.034905
-0.045716
-0.008990
-0.057550
0.058226
-0.032901
0.042344
-0.015140
-0.040867
-0.011897
-0.031844
-0.017830
0.065846
0.003492
0.012464
0.025754
-0.032293
0.013338
-0.039675
-0.010535
-0.027014
-0.027188
0.037517
-0.018573
-0.021685
0.020216
-0.000025
0.081829
